

  nstage = 2, particle (para) = 800

                        [ESTIMATION RESULT]
----------------------------------------------------------------------
Parameter         Mean        Stdev     95%Low     95%Up    Geweke     Inef.
------------------------------------------------------------------------------
coefrra               1.0925      0.0001     1.092     1.093     0.742     0.345 
frisch                0.4047      0.0001     0.404     0.405     0.562     0.266 
adjfricshgridfrac     0.7716      0.0001     0.771     0.772     0.000     0.327 
priceadjust         119.5237      0.0001   119.523   119.524     0.000     0.235 
taylor_inflation      1.4890      0.0001     1.489     1.489     0.000     0.271 
taylor_outputgap      0.0328      0.0001     0.033     0.033     0.002     0.290 
ssigma_MP             0.0327      0.0001     0.032     0.033     0.389     0.535 
ttheta_MP             0.2649      0.0002     0.265     0.265     0.000     0.635 
ssigma_FP             0.1168      0.0001     0.117     0.117     0.223     1.371 
ttheta_FP             0.0619      0.0001     0.062     0.062     0.242     0.233 
ssigma_TFP            0.1329      0.0001     0.133     0.133     0.000     0.255 
ttheta_TFP            0.1091      0.0001     0.109     0.109     0.364     0.856 
TP_labor_22           0.0282      0.0002     0.028     0.028     0.031     0.022 
post               -292.2740      0.2101  -292.624  -291.912     0.860     0.539 
lik                -303.3682      0.2085  -303.715  -303.027     0.857     0.562 
                      0.9075      0.2899     0.000     1.000     0.083     0.822 
rrho                  0.0052      0.0000     0.005     0.005     0.629     0.271 
accept_rate(1)        0.0000      0.0000     0.000     0.000       NaN       NaN 
----------------------------------------------------------------------