

  nstage = 2, particle (para) = 80

                        [ESTIMATION RESULT]
----------------------------------------------------------------------
Parameter         Mean        Stdev     95%Low     95%Up    Geweke     Inef.
------------------------------------------------------------------------------
coefrra               0.7789      0.0001     0.779     0.779     0.942     0.268 
frisch                0.7437      0.0001     0.743     0.744     0.091     1.144 
adjfricshgridfrac     0.8982      0.0002     0.898     0.898     0.021     1.105 
priceadjust         104.6029      0.0002   104.603   104.603     0.000     0.839 
taylor_inflation      1.4927      0.0001     1.492     1.493     0.289     0.668 
taylor_outputgap      0.1822      0.0001     0.182     0.182     0.000     1.718 
ssigma_MP             0.0332      0.0001     0.033     0.033     0.000     1.016 
ttheta_MP             0.2051      0.0001     0.205     0.205     0.008     0.328 
ssigma_FP             0.1472      0.0002     0.147     0.147     0.020     0.182 
ttheta_FP             0.0730      0.0001     0.073     0.073     0.000     0.427 
ssigma_TFP            0.1079      0.0001     0.108     0.108     0.000     0.422 
ttheta_TFP            0.2198      0.0001     0.220     0.220     0.000     1.043 
TP_labor_22           0.0372      0.0002     0.037     0.037     0.000     0.399 
post               -373.4722      0.4646  -374.219  -372.689     0.000     0.873 
lik                -382.6923      0.4799  -383.497  -381.888     0.000     0.874 
                      0.8500      0.3593     0.000     1.000     0.003     0.427 
rrho                  0.0052      0.0000     0.005     0.005     0.047     0.777 
accept_rate(1)        0.0000      0.0000     0.000     0.000       NaN       NaN 
----------------------------------------------------------------------